6.340577383215929832e-291
3.249502459286390504e-247
4.455989829680521165e-272
1.533582513903315670e-233
2.514422640961731126e-192
5.650349848260132274e-158
0.000000000000000000e+00
0.000000000000000000e+00
0.000000000000000000e+00
0.000000000000000000e+00
4.191350555716737721e-177
1.077169960538022174e-270
2.377449120700262266e-155
2.700642936212460623e-197
1.229623480570803412e-258
1.914494791745870661e-210
0.000000000000000000e+00
5.821035068201962035e-257
7.770465285049344094e-214
3.049280368420123365e-164
0.000000000000000000e+00
7.471857959539596428e-259
4.819688969961095342e-247
3.250874527917193857e-281
2.195373685808547598e-284
0.000000000000000000e+00
0.000000000000000000e+00
6.447142428316480313e-221
1.446252315676912761e-237
1.407257114382432266e-221
8.127970070251166859e-263
1.120648854734303310e-194
1.705848683662438878e-212
0.000000000000000000e+00
0.000000000000000000e+00
3.871050000708399319e-265
1.052777910833065770e-279
1.900600914979353191e-190
1.182309370440593273e-195
4.140295853046612133e-247
1.248119992065641735e-172
1.628071856122809341e-177
0.000000000000000000e+00
1.207157115916127091e-211
1.452810086795084914e-242
3.204480794403609330e-203
1.711242757896087737e-240
4.550687429431026798e-265
1.134389857651507369e-172
2.812471630438479916e-206
7.976844593659694498e-199
2.248769683882824296e-219
7.595111622824593320e-215
1.011877358216333534e-259
2.557131817288803941e-197
2.436977084351323378e-258
0.000000000000000000e+00
2.141090784132748781e-281
1.026292254330452091e-200
1.986404105371431207e-247
1.361149243359380151e-294
1.138220055141125448e-217
5.641808640164002468e-165
5.730857570133116809e-58
7.913125432310494569e-109
1.120802283159724121e-147
4.239845465102634201e-237
1.275123156610600389e-204
4.899194633818847026e-242
6.177658194045408284e-201
3.398919754269885463e+00
3.437931720651465461e+00
2.550332586991492542e-231
4.548227139653517406e-09
3.481923073830000881e+00
3.471637434287909052e+00
3.536073664215172096e-40
3.517341084509010063e+00
3.764696411343943616e+00
3.670868960352165811e+00
3.741240733362045212e+00
3.686770561197182161e+00
3.565238743342565186e+00
3.710880440081136378e+00
3.572876709329963152e+00
3.616396103754339730e+00
3.854793068260147670e+00
3.698181895773454908e+00
4.008326215602979303e+00
4.070544016045067437e+00
3.848755497676898507e+00
3.918778060556049159e+00
3.778941596623693666e+00
3.761220031492403582e+00
4.007107905052040842e+00
4.323661089116457745e+00
4.345122159669502437e+00
4.602523892879182732e+00
4.578920835328891492e+00
4.478164236198664661e+00
4.454005808372612840e+00
4.574205518597270981e+00
4.869721574071933290e+00
4.947395402474283443e+00
5.058658072024892149e+00
4.992597496737438689e+00
4.861722374898247878e+00
5.128353361242174557e+00
4.938768800635704892e+00
5.033028351895036501e+00
4.940842130733511972e+00
5.117651278423061889e+00
5.045362726862405722e+00
5.246403076443569624e+00
5.274837214658941065e+00
5.411347935324150704e+00
5.438059564089619435e+00
5.309670247803619958e+00
5.367003505334097646e+00
5.337498321217205799e+00
5.295411283489830367e+00
5.217226617900808883e+00
5.486324244128987004e+00
5.525876188592723892e+00
5.813972218707453621e+00
5.429180057476233223e+00
6.043770528109677187e+00
5.667671411614255028e+00
5.731942173309247046e+00
6.042247259875336951e+00
5.871019940047736085e+00
6.338106336772788119e+00
5.703452878074613430e+00
5.779582963713560950e+00
5.989218224418489278e+00
6.160368268507701472e+00
6.098214499314044801e+00
6.342679311993277835e+00
5.895648623098369789e+00
6.726108653283697336e+00
6.345739588020607336e+00
6.396373021754207855e+00
6.591377349086346094e+00
6.557303014777870587e+00
6.463445913632739348e+00
6.521858687878916427e+00
6.349832483307134900e+00
6.270913268224792780e+00
6.491586024423829038e+00
6.693551029577871958e+00
6.651279451168183421e+00
6.793578275191759275e+00
7.021290043634520472e+00
6.838121137909386249e+00
6.927511446077835977e+00
6.748023631668162992e+00
6.725614242091496386e+00
6.933680611096518120e+00
7.064313517244843688e+00
6.889298269164448207e+00
6.786790529824081375e+00
6.921091015380721245e+00
6.695888318589087618e+00
6.640565809925123908e+00
6.802993479821904721e+00
6.717468322396527469e+00
6.564200800010064896e+00
6.699576027427102787e+00
6.564055198836797445e+00
6.751889582946743573e+00
7.047750538328710235e+00
6.952352490480218528e+00
6.933892050565189535e+00
6.948438048912610299e+00
6.925741969649206631e+00
6.838857649050916088e+00
7.010297003353500145e+00
6.853537230365584598e+00
7.087597256006359814e+00
7.093592045397757673e+00
7.038462092125010727e+00
7.072116806751584939e+00
6.928389428548705098e+00
6.930057531246838209e+00
6.894247617852972354e+00
7.074871369387656372e+00
6.981677471447620853e+00
7.114091206303120529e+00
7.180252061663942698e+00
7.043315541582830797e+00
7.050569640908406654e+00
7.052551353203774909e+00
6.800495670366863976e+00
6.838700165435125378e+00
7.011934011128735378e+00
6.846126790304003507e+00
6.855639821680440171e+00
6.876828407812212163e+00
6.867846568063900037e+00
6.623923494475073781e+00
7.106188192041401841e+00
6.784448078032937701e+00
7.032153225249428985e+00
6.869181941020427118e+00
7.067372693347859780e+00
6.991445331227743587e+00
6.825468483038035217e+00
6.911287964384637661e+00
6.815819841815873303e+00
6.689187955558872467e+00
7.022579629870509876e+00
6.988886233390697811e+00
6.904119701809724674e+00
6.782743038511375389e+00
6.932837251971825765e+00
6.825869406682957496e+00
6.731695781905477460e+00
6.872794852690229384e+00
6.715178617806456529e+00
6.814284567362512313e+00
6.852631899523788483e+00
6.558618376064191402e+00
6.676550765295429457e+00
6.658507743167771942e+00
6.632350461767135386e+00
6.625233826166222251e+00
6.501651642084522287e+00
6.827613555124640854e+00
6.649248073032450357e+00
6.721350732583718290e+00
6.676691492238783887e+00
6.534952717028739144e+00
6.499950185134212077e+00
6.506244857161059159e+00
6.414409683229321146e+00
6.584519009034944581e+00
6.694671065334729221e+00
6.708739390637061817e+00
6.620294584940890736e+00
6.560869613005539946e+00
6.559828914029549374e+00
6.776619832133842003e+00
6.693085788380210843e+00
6.694998596608641606e+00
6.733877850297080414e+00
6.671212784961326747e+00
6.729625947233292216e+00
6.593784010430184139e+00
6.580350121828111298e+00
6.554864816100462122e+00
