4.937367661877652303e+00
4.969564518234516726e+00
4.739546362849822003e+00
4.634954957904783512e+00
4.874125246719787086e+00
4.442299552473512492e+00
4.769132238899241649e+00
4.885632874036304862e+00
4.913758378293247020e+00
4.660773856624985889e+00
4.593454504172250985e+00
5.341595529336672143e+00
4.632514766494405301e+00
4.935151622251355619e+00
4.588355011444527065e+00
4.689446521984413252e+00
4.533040617878447698e+00
4.628290015303873517e+00
4.728983429552328310e+00
5.107176343463006418e+00
4.582020974892715870e+00
4.878362973483849174e+00
4.579652294363214082e+00
4.593346791266278650e+00
4.528863422408457851e+00
4.581162954702580059e+00
4.738072541782890390e+00
4.725535994752079638e+00
7.097719457748152161e-15
4.789772344754442024e+00
4.875793553936903280e+00
4.534836965816030130e+00
4.641304044397394968e+00
4.414180682208552753e+00
4.571880359774529445e+00
4.340363074598198700e+00
4.395210043821035306e+00
4.780973706848565818e+00
4.563439026114783026e+00
5.310661076029756344e+00
4.477815970535919732e+00
4.464835545252497262e+00
4.709816378852960561e+00
4.552626208703610899e+00
3.646187975892719237e-29
4.879258873468140319e-46
4.475268399411487685e+00
4.910449056077920815e+00
4.636072718223366501e-38
4.492332667727306550e+00
4.642475349165668952e+00
4.468858510821189789e+00
4.283692917269797285e+00
4.406097977251810960e+00
4.630490606607138737e+00
4.286842553761704977e+00
4.459596477458401154e+00
9.517798834659334557e-61
3.727898381976831437e-20
4.412371479883606895e+00
4.305045436914817891e+00
4.552273056777487170e+00
4.501614143147243396e+00
4.490320144370691047e+00
4.448784962925509845e+00
4.496118965756696007e+00
4.359847782210095168e+00
8.082021780351402124e-39
4.281703445954789800e+00
4.523250609511350717e+00
4.449972574490374200e+00
4.753815727350412246e+00
4.192075209123745871e+00
5.749095061018282542e-16
4.481136424186574985e+00
4.485584175576490473e+00
4.291223657092208654e+00
4.070576229268350943e+00
4.362527831056366878e+00
4.280513043819903274e+00
4.306888161353626288e+00
4.545450779010524300e+00
2.136041528950575050e-35
4.194208901834899805e+00
4.248281813666582529e+00
4.497193876478083219e+00
3.911580980530323686e-11
4.219895068945406003e+00
4.182682680219335758e+00
7.621559869160905112e-38
4.213695426204386862e+00
4.064921987780998336e+00
2.590464340713157938e-22
3.838003794274668679e-16
4.218263125845395756e+00
1.659780948155537004e-11
4.270726088213980809e+00
4.378557742765775807e+00
3.704386640054354751e-10
4.232292731619631709e+00
4.338341437127073874e+00
4.227954619516222756e+00
1.956829206171154780e-19
5.584914520191766009e-81
4.135955315284520172e-161
5.328765455632284461e-18
4.043468100911026042e+00
5.158671248836734892e-31
3.906268740155540264e+00
1.510935596254466485e-23
4.182321694591045969e+00
7.524653141660944243e-135
1.864978982720343555e-24
1.788922771643557888e-31
1.170669542573762883e-43
8.021220774631754776e-77
4.215038157812846187e+00
6.868611860750858391e-136
2.403068859404186368e-130
4.206737464217512823e+00
1.308033546160617014e-12
6.498815387292009386e-94
4.007508649641031262e+00
4.086690519069437144e+00
4.103662188936326061e+00
3.590256996866733481e-91
4.365163913677885255e+00
3.982354047663366092e+00
4.145031798521316091e+00
4.503123007960392711e-134
4.306104426572671784e+00
1.656029951067499900e-10
4.204236684090451703e+00
1.491237597492615516e-245
0.000000000000000000e+00
0.000000000000000000e+00
7.228212902959646994e-12
8.726079138712542714e-11
4.615443520032858788e-179
6.624880365136021347e-23
1.425619091579015320e-48
2.795639283881754267e-249
1.519371790418401596e-116
2.860632735223690547e-270
0.000000000000000000e+00
5.888940400757817223e-14
0.000000000000000000e+00
7.509977558274825539e-10
0.000000000000000000e+00
6.019378775206817586e-102
1.399126702130462567e-242
0.000000000000000000e+00
0.000000000000000000e+00
0.000000000000000000e+00
2.904020423124297827e-168
0.000000000000000000e+00
0.000000000000000000e+00
0.000000000000000000e+00
0.000000000000000000e+00
0.000000000000000000e+00
0.000000000000000000e+00
0.000000000000000000e+00
0.000000000000000000e+00
0.000000000000000000e+00
0.000000000000000000e+00
0.000000000000000000e+00
0.000000000000000000e+00
0.000000000000000000e+00
0.000000000000000000e+00
0.000000000000000000e+00
0.000000000000000000e+00
0.000000000000000000e+00
0.000000000000000000e+00
0.000000000000000000e+00
0.000000000000000000e+00
0.000000000000000000e+00
0.000000000000000000e+00
0.000000000000000000e+00
0.000000000000000000e+00
0.000000000000000000e+00
0.000000000000000000e+00
0.000000000000000000e+00
0.000000000000000000e+00
0.000000000000000000e+00
0.000000000000000000e+00
0.000000000000000000e+00
0.000000000000000000e+00
0.000000000000000000e+00
0.000000000000000000e+00
0.000000000000000000e+00
0.000000000000000000e+00
0.000000000000000000e+00
0.000000000000000000e+00
0.000000000000000000e+00
0.000000000000000000e+00
0.000000000000000000e+00
0.000000000000000000e+00
0.000000000000000000e+00
0.000000000000000000e+00
0.000000000000000000e+00
0.000000000000000000e+00
0.000000000000000000e+00
0.000000000000000000e+00
0.000000000000000000e+00
0.000000000000000000e+00
0.000000000000000000e+00
0.000000000000000000e+00
0.000000000000000000e+00
0.000000000000000000e+00
0.000000000000000000e+00
0.000000000000000000e+00
0.000000000000000000e+00
0.000000000000000000e+00
0.000000000000000000e+00
0.000000000000000000e+00
0.000000000000000000e+00
0.000000000000000000e+00
0.000000000000000000e+00
0.000000000000000000e+00
0.000000000000000000e+00
0.000000000000000000e+00
0.000000000000000000e+00
0.000000000000000000e+00
0.000000000000000000e+00
0.000000000000000000e+00
0.000000000000000000e+00
0.000000000000000000e+00
0.000000000000000000e+00
0.000000000000000000e+00
0.000000000000000000e+00
0.000000000000000000e+00
0.000000000000000000e+00
0.000000000000000000e+00
0.000000000000000000e+00
0.000000000000000000e+00
0.000000000000000000e+00
0.000000000000000000e+00
0.000000000000000000e+00
0.000000000000000000e+00
0.000000000000000000e+00
0.000000000000000000e+00
0.000000000000000000e+00
0.000000000000000000e+00
0.000000000000000000e+00
0.000000000000000000e+00
0.000000000000000000e+00
0.000000000000000000e+00
0.000000000000000000e+00
0.000000000000000000e+00
0.000000000000000000e+00
