7.810623307055396258e-02
-5.880843178275337035e-02
-9.950620767832429880e-03
1.363786506800545965e-02
-8.672239470249258619e-02
-1.654151517217427800e-02
-4.360678221338867150e-02
-7.949618776496605171e-03
-2.877060601458115152e-01
7.454476833327123263e-03
-4.965529677039928064e-02
-1.063239807957847005e-01
5.371055606130321902e-02
-8.480323749756377150e-02
-3.029039462894884266e-02
4.907453074198030868e-02
2.583557718642543583e-04
-9.656863306700435787e-03
-7.106298395675331170e-02
-1.336935268536807719e-01
-2.824202382804404110e-02
-1.503769080379671053e-01
-1.881169211458550219e-02
1.736166976198537382e-02
-1.310297387487935859e-02
4.705786162794527855e-02
-3.750001331899146390e-02
1.792660782968223676e-01
4.500933192499391791e-03
1.870677585561819969e-02
-7.798499434152415810e-02
4.485122901480843340e-03
6.736233200492441897e-02
4.200259234554541005e-02
5.199430002949638474e-02
1.626493947738685553e-01
-3.462011370545507553e-03
1.603577768604060039e-01
-6.236325309549826251e-02
1.420085767285575173e-01
7.784779157572188635e-02
-3.409390189087183054e-02
1.225868601472727970e-01
-1.510399309736602524e-01
-7.861423670917298823e-02
-1.195070760270475207e-02
1.250494644900910501e-01
1.194261751316136669e-02
-2.523041181036945330e-02
6.213390933873497862e-02
8.951351142585459164e-02
-1.912842482897872398e-02
-3.748600776939178814e-02
-1.467795583530025205e-01
-1.816003640344835135e-01
-3.573656472613101487e-02
-2.760978405930459290e-01
8.280604411850872593e-02
9.914516202221160257e-02
-1.035883750957007632e-02
4.437492330810025032e-02
1.788392865336442886e-02
2.158854793209053768e-01
1.624309089022996783e-02
1.460681101706404542e-02
8.424930855026588339e-02
-3.437088158643220731e-02
-1.764686246285747107e-01
-2.262018276344492790e-02
3.163918762593279782e-02
2.215394366430401343e-02
-1.271293048173748053e-01
-6.225649558992518706e-02
-2.694683497904006367e-02
1.319795697865378259e-01
1.161878631206168582e-03
-1.695815213730322846e-02
-1.073547055443202503e-02
-2.794816640959969442e-02
1.079958713398793384e-03
-1.247327250929061021e-01
1.109174411689492767e-01
2.615340296465599179e-01
-2.261457831986156408e-02
7.819017110146057881e-02
-7.564597742077593112e-02
-6.492303809358908329e-02
6.022397964679600951e-02
-1.656845037252744346e-01
2.302530836263024794e-01
1.573515634782510497e-01
1.013488678476713450e-01
-1.027060946941544400e-02
-8.287240391137608297e-02
-3.780932008515011655e-02
-3.104018389998721567e-02
5.136303828617286814e-03
-8.185411484717722286e-02
-3.962147162039895282e-02
3.801974483306714281e-01
-5.299514402481162074e-03
1.515208114657324856e-01
-7.745613577380300319e-02
-1.368655654404221655e-01
-1.475351722417984901e-02
6.733259370936198196e-02
7.580871733115775168e-02
-3.183504803178253267e-02
-4.621840255993539537e-02
1.137992876702584172e-01
6.531670990631888857e-03
-8.638679461904937018e-02
-6.302640784037320809e-02
-4.427368689005421742e-02
-3.534844602544677528e-02
2.689976511605214338e-01
1.054352259095309580e-01
5.502273875775692824e-02
1.323781990910695983e-01
-1.144039310449652402e-01
-1.832381040981620746e-01
-8.197692415793958465e-02
-1.672407388989131105e-01
3.549034810745212154e-02
-1.169107092089174404e-01
-5.185535028150718012e-02
-3.420441434305649953e-01
4.341379375833059190e-02
-3.485017538109543289e-01
-1.983868092224327084e-01
1.666763797825344395e-01
-9.573348670888151002e-01
-3.471882732783202613e-02
1.989228370709490989e-01
3.006331593530922053e-01
-7.072371460291945744e-02
3.601176079349464598e-01
-7.818677450745960267e-02
-7.008080649924401488e-03
2.504749935185942578e-01
-3.336752054102735260e-02
-3.369567660830914690e-02
8.085539277559136151e-01
-1.362984562978983849e-01
2.642414340199850664e-01
3.779054974777763531e-01
-1.245499492632402283e-01
-7.586385502874468667e-01
-1.888462222691768000e-01
2.282681946792336769e-01
-2.081537195841539400e+00
-3.136676803316543194e-01
3.559559761550331047e-01
-1.880294827360809787e-02
1.176974437684382480e+00
7.638779520059254535e-01
-2.500397676087888210e-01
4.844828063822057690e-02
6.398479182737930593e-01
-8.009475426458965985e-02
7.961879335670288271e-02
-8.970332174896425426e-02
-2.757582397438566035e-01
4.700741391319707835e-02
-1.416355192459538281e-01
-1.260986497897037817e-01
-1.343264226410036732e+00
-1.120285556254620563e+00
8.204466144157632201e-02
4.262565088239944275e-03
1.586123801034127478e-01
-8.250891523974634989e-02
-5.540638220736111320e-03
5.644752728796721686e-02
1.045107929502928946e-02
2.364799135082307213e-02
-9.803293037870183801e-03
-6.595904721544573746e-02
1.568679462279539902e-02
-6.528585110371576405e-02
2.918243418802624251e-04
2.553842356163100666e-02
8.991011080056312416e-03
-6.651915819165274413e-02
1.091436353912499796e-01
4.647134944635918780e-02
-8.741079389010276979e-02
-2.459013413310910320e-02
1.569841907648683588e-02
9.768965747967084390e-02
-4.546356560444753635e-03
1.229401357869707063e-02
-1.835441839366882795e-03
-4.330396650754225057e-02
-8.366500545682333326e-03
3.694262826485718298e-02
-9.336510470912108908e-03
-7.970187778488315583e-03
1.819723774535353389e-02
9.668642506712118306e-03
3.193075844697813165e-02
-7.650288764731940847e-03
-6.134636068226404296e-03
7.549674052637303512e-02
-2.873802472738913594e-02
-6.018995980311599159e-02
-5.322839209773504339e-03
-1.139327780571523265e-02
3.347976355492837870e-04
-8.319745168272789718e-03
8.810340330931172581e-02
1.370939735291509635e-02
-6.747718908412811759e-03
2.773657964026573497e-01
5.290420744105683859e-02
-1.957466124300961952e-02
-1.313854911140629501e-02
3.118273403189254084e-02
6.864688925346662876e-03
-2.251054511442735634e-02
-5.601112453158043313e-03
-6.602442241769326814e-03
5.307515366253731832e-03
-2.475431830862797472e-02
-8.957087791566160570e-03
-2.171682888489754812e-02
9.358682966527505712e-03
-2.006496287976568607e-02
-5.024094306680300728e-03
-8.600064144657137977e-03
-3.104781138968292289e-02
2.973981948946802581e-02
2.719310245132174498e-03
-1.806833325792785161e-02
-1.761996299184020662e-02
1.836524864013506370e-02
-5.648665093472463039e-03
-1.776870644832175125e-03
2.516969650310201673e-02
8.177071363755662736e-02
-3.516721676778558625e-02
-7.542069987391974810e-03
1.658784029218804690e-01
-7.680704821268986848e-03
5.193584954121334418e-02
-5.021871776357958450e-02
-4.187724058509099956e-02
7.544499073687359683e-03
3.754773393072191861e-03
2.268401627891664107e-02
