5.602725573843421778e-05
8.501220323965938744e-05
1.702257198951606047e-04
0.000000000000000000e+00
2.753332310104201586e-04
9.242387692603219696e-04
7.509230837011897711e-04
4.489668670526384244e-04
2.563071194803450813e-03
2.218713733281508626e-03
2.329015398558764314e-04
1.465379823814404333e-04
1.919920211167443647e-03
9.510404295118842855e-04
1.707386630480779970e-03
4.655563299238139083e-04
1.589485450040747363e-03
1.445490448752396366e-03
1.608604397294898284e-04
8.204425828334947074e-03
4.302817627266119810e-04
5.780758762084986036e-04
2.465891187647235427e-03
5.999724022289506077e-04
4.988944160082283731e-03
3.636631463204074684e-04
2.704945760266896470e-04
2.161087206342782960e-05
5.552458022578655008e-04
3.189245310903094234e-04
4.879254475113375586e-04
2.876755572787425609e-04
1.633852777312558215e-04
9.977104700908158430e-04
2.803254436002055564e-04
4.588350933166177189e-04
1.791160956037188409e-04
8.506932557473808687e-04
7.451250437312367770e-05
1.436133441699424676e-03
3.330490611685732742e-04
6.335149472152236351e-04
3.045563426429277461e-04
3.443384968829352102e-04
1.545953194637224174e-03
3.702866573601764364e-04
6.336349099089553637e-04
1.976669041265479766e-04
9.024678560421349688e-04
1.112593839092147074e-04
1.284195679124030143e-03
6.068638762100751110e-04
2.420072354959298879e-04
7.865100614920776006e-05
6.609687662413938529e-04
6.336796852676418413e-04
6.232492822994064891e-04
1.516805870823966515e-04
4.072464869410617763e-06
2.831658156170999445e-04
1.721196350557923868e-04
1.135963979478514171e-04
1.030064664980751476e-03
7.328936007444904806e-04
2.504545440775763588e-05
8.714937957777020745e-04
5.504874323607282776e-04
3.381971204567231834e-05
1.003616007977025434e-03
1.085923537240661820e-03
1.013157196464515870e-03
7.438042705663371664e-04
4.944041454735607877e-05
3.733931807729819891e-03
1.964771073813129359e-03
1.412217609916804895e-02
3.163283289698742666e-03
2.532938492904218512e-03
8.386486188470777467e-03
2.623402653085071638e-03
5.475036347597574821e-03
2.162485638368663934e-03
3.672951834773808058e-03
8.869955915168521374e-03
9.329032071481181340e-03
8.109737509414152029e-03
1.351790869294145414e-03
4.307921086630236984e-03
7.098245302251553202e-03
1.096967039689811414e-02
7.000656023880703904e-03
3.820416214850459562e-03
1.963602221161011435e-04
2.458452120885955185e-03
1.482753369385675542e-03
6.188910885680713389e-03
4.353062171873030121e-03
5.050052435142324270e-04
1.096352071290786732e-03
5.267836514191907502e-03
1.758092315032712969e-03
2.999188386394652673e-03
1.229251773062035825e-03
5.391031302979411646e-03
3.257453681418180560e-03
5.860371468520915277e-03
2.424626737570858594e-03
2.557388572893155507e-03
3.351242031495419490e-03
3.305455606821756584e-03
3.125968406423680537e-04
8.511811463832658683e-04
1.020790747835387084e-03
7.457746323710123717e-04
3.286804983460550459e-04
5.809507913604877727e-04
1.285598811672745284e-03
2.017093785467422408e-04
2.268534621570618762e-03
4.220499193379653388e-03
4.805656597444552328e-03
2.055138101946819233e-03
3.975647823635952531e-03
4.391391272846815043e-04
3.490061456027394263e-03
5.046699330417210062e-03
3.716935291500324517e-03
6.226230791889992948e-03
5.456282714478927209e-03
1.164899159439033820e-02
1.429771124723122058e-03
2.710092099535216974e-04
4.788075001217672808e-03
5.012170174465670897e-03
3.611633459791525544e-03
4.951891590821861852e-03
6.536320749376823593e-03
3.758229260826936955e-03
2.786008936429388433e-03
5.844669405678491053e-03
2.171377716909563598e-05
4.724972871751481900e-04
4.075004373804375600e-03
8.320933946626103217e-04
3.137768786447726367e-03
4.556202255007115766e-03
4.516950098400702778e-04
7.850840837085538895e-04
2.676071889472311262e-04
2.648997631305605172e-03
7.534357957543280117e-03
5.069605196671261339e-03
1.145157563944806164e-03
4.465160206874585469e-05
6.572342331755894355e-04
1.225471301535794493e-03
1.070197531962802096e-03
6.987461209920996751e-04
1.711025063799099600e-03
4.402666950583525481e-03
1.219150131285054450e-03
3.422794244798358504e-03
5.678417389425253602e-04
5.488275228574314999e-04
3.641102599303085142e-04
2.188965121266695760e-04
9.588849288121045560e-05
7.014613015887247085e-04
4.183936157093225334e-04
7.220002599694962704e-06
3.758614084453063974e-04
1.231171158786610468e-03
3.707734615018304369e-03
9.492628375499181795e-04
1.518902785602831628e-03
3.302644912006512607e-04
2.460517391821533291e-03
4.923791080671487998e-04
9.442711756228243337e-04
2.865823672591699765e-03
6.829959336290781710e-05
1.486997364076369848e-04
1.312808641708778940e-03
5.086336741995287590e-04
8.741286585116560693e-04
2.711354734442219627e-04
5.016717039397953180e-04
2.700188515028668760e-04
1.710111680041241687e-04
4.616370402581220162e-04
8.878639873790265423e-04
5.587208689456741131e-05
1.323591318338993722e-04
1.130060541591068818e-04
7.292622349213415470e-04
7.434720955666690662e-04
9.448378266892696589e-05
2.436107577800919650e-04
3.606576034530713259e-04
5.635872998003012936e-05
1.609372444855956949e-03
6.641474017679506372e-04
1.167986025470839123e-04
1.925069109264573256e-03
3.956757880208564004e-03
1.870491467970495367e-04
4.320657080342294224e-04
5.593381169058950567e-04
4.021479515191379471e-04
6.586574987565041884e-04
1.885377192641021120e-03
3.093862181408448767e-03
2.656646538722282850e-03
2.445472667531155969e-04
3.506228974770701345e-03
4.311697949404719524e-03
8.916839625948042069e-04
1.020247820438123206e-03
2.408680653876062031e-04
4.682155078319214414e-04
1.339876630384609357e-03
5.644914400243487449e-04
2.680152638548926615e-04
6.920128026217869455e-04
1.215528290015515950e-03
1.358067371913585560e-04
7.195663759883657012e-04
2.064654841835548722e-04
1.074477703028700257e-03
1.140488724504017809e-03
1.012586578744853146e-04
7.981077473890570227e-05
6.405879619118066883e-05
2.723815076394508268e-06
8.794025992346273261e-05
2.028560504686935254e-04
3.393949293304036169e-04
1.453210732066810952e-03
6.322414379114556530e-04
2.129265778267999936e-03
4.920921560759050661e-05
1.939377113906705976e-05
4.836009734397384214e-05
1.592150384062238685e-03
3.094796896372242626e-04
3.604720127299737326e-04
6.537779892220586765e-04
5.978577503228230030e-04
4.307122521069647316e-04
5.436449339388495569e-05
